4294967278,132
4294967278,131
4294967278,130
4294967278,129
4294967278,128
4294967278,127
4294967278,126
4294967278,125
4294967278,124
4294967278,123
4294967278,122
4294967278,121
4294967278,120
4294967278,119
4294967278,118
4294967278,117
4294967278,116
4294967278,115
4294967278,114
4294967278,113
4294967278,112
4294967278,111
4294967278,110
4294967278,109
4294967278,108
4294967278,107
4294967278,106
4294967278,105
4294967278,104
4294967278,103
4294967278,102
4294967278,101
4294967278,100
4294967278,99
4294967278,98
4294967278,97
4294967278,96
4294967278,95
4294967278,94
4294967278,0
4294967278,350
4294967278,89
4294967278,86
4294967278,85
4294967278,84
4294967278,83
4294967278,82
4294967278,81
4294967278,80
4294967278,79
4294967278,78
4294967278,77
4294967278,76
4294967278,75
4294967278,74
4294967278,73
4294967278,72
4294967278,71
4294967278,70
4294967278,69
4294967278,68
4294967278,67
4294967278,66
4294967278,65
4294967278,64
4294967278,63
4294967278,62
4294967279,0
4294967279,84
4294967279,82
4294967279,79
4294967279,78
4294967279,77
4294967279,76
4294967279,71
4294967279,70
4294967279,68
4294967279,60
4294967279,58
4294967279,53
4294967279,52
4294967279,49
4294967279,47
4294967279,44
4294967279,41
4294967279,39
4294967279,36
4294967279,35
4294967279,34
4294967279,32
4294967279,31
4294967279,27
4294967279,20
4294967279,19
4294967279,17
4294967279,13
4294967279,12
4294967279,10
4294967279,8
4294967279,7
4294967279,6
4294967279,5
4294967279,4
4294967279,136
4294967278,93
4294967278,415
4294967278,92
4294967279,133
4294967278,91
4294967278,378
4294967279,204
0,5
4294967278,90
4294967278,377
4294967279,319
4294967279,562
4294967278,87
4294967279,201
4294967294,7
4294967294,22
4294967293,131
4294967293,130
4294967293,129
4294967293,128
4294967293,127
4294967293,126
4294967293,125
4294967293,124
4294967293,123
4294967293,122
4294967293,121
4294967293,120
4294967293,119
4294967293,118
4294967293,117
4294967293,116
4294967293,115
4294967293,114
4294967293,113
4294967293,112
4294967293,111
4294967293,110
4294967293,109
4294967293,108
4294967293,107
4294967293,106
4294967293,105
4294967293,104
4294967293,103
4294967293,102
4294967293,101
4294967293,100
4294967293,99
4294967293,98
4294967293,97
4294967293,96
4294967293,95
4294967293,94
4294967293,93
4294967293,92
4294967293,91
4294967293,90
4294967293,89
4294967293,87
4294967293,86
4294967293,85
4294967293,84
4294967293,83
4294967293,82
4294967293,81
4294967293,80
4294967293,79
4294967293,78
4294967293,77
4294967293,76
4294967293,75
4294967293,74
4294967293,73
4294967293,72
4294967293,71
4294967293,70
4294967293,69
4294967293,68
4294967293,67
4294967293,66
4294967293,65
4294967293,64
4294967293,63
4294967293,62
4294967293,61
4294967293,60
4294967293,59
4294967293,58
4294967293,57
4294967293,56
4294967293,55
4294967293,54
4294967293,53
4294967293,52
4294967293,51
4294967293,50
4294967293,49
4294967293,48
4294967293,47
4294967293,46
4294967293,45
4294967293,44
4294967293,43
4294967293,42
4294967293,41
4294967293,40
4294967293,39
4294967293,38
4294967293,37
4294967293,36
4294967293,35
4294967293,34
4294967293,33
4294967293,32
4294967293,31
4294967293,30
4294967293,29
4294967293,28
4294967293,27
4294967293,26
4294967293,25
4294967293,24
4294967293,23
4294967293,22
4294967293,21
4294967293,20
4294967293,19
4294967293,18
4294967293,17
4294967293,16
4294967293,15
4294967293,14
4294967293,13
4294967293,12
4294967293,11
4294967293,10
4294967293,9
4294967293,8
4294967293,7
4294967293,6
4294967293,5
4294967293,4
4294967293,3
4294967278,400
4294967279,102
4294967279,101
4294967279,100
4294967279,99
4294967279,97
4294967279,96
4294967279,95
4294967279,94
4294967279,92
4294967279,90
4294967279,89
4294967279,86
4294967279,358
4294967278,388
4294967279,516
4294967279,370
4294967279,183
358,6
358,5
358,4
358,3
358,2
358,1
4294967279,345
4294967278,304
4294967279,543
4294967278,303
4294967279,541
4294967278,169
4294967278,168
4294967278,163
4294967278,434
4294967279,160
4294967278,158
4294967278,157
4294967278,152
355,6
4294967278,154
355,5
355,4
4294967278,153
355,3
355,2
355,1
4294967278,407
4294967278,149
4294967278,148
4294967294,1086
4294967278,147
4294967278,146
4294967278,144
4294967279,339
4294967279,144
4294967278,143
4294967279,143
4294967278,142
4294967278,140
4294967278,139
4294967279,139
4294967278,138
4294967278,285
4294967278,136
352,4
352,3
352,2
352,1
4294967279,512
4294967278,135
4294967278,134
4294967278,271
4294967279,383
4294967278,270
4294967294,1081
4294967294,173
4294967278,269
4294967278,281
4294967279,271
4294967279,270
4294967278,266
351,5
4294967278,279
351,4
4294967279,268
351,3
351,2
351,1
4294967278,265
4294967278,288
4294967278,262
4294967278,326
4294967278,261
4294967279,262
4294967278,403
4294967278,287
4294967279,282
4294967279,522
4294967279,258
4294967279,521
4294967278,321
4294967279,555
4294967279,517
349,6
4294967279,332
349,5
349,4
4294967279,256
349,3
349,2
349,1
4294967279,343
4294967279,253
4294967278,339
4294967279,251
4294967279,368
4294967278,252
4294967279,250
4294967279,249
4294967279,568
4294967278,433
4294967279,247
4294967279,243
4294967279,241
4294967279,239
4294967279,237
4294967279,235
4294967279,234
4294967279,233
4294967294,1425
4294967279,231
4294967279,229
346,4
4294967278,227
346,3
346,2
346,1
4294967279,227
4294967279,225
4294967278,219
4294967279,223
